10 10
0.0 2.5 5.9 6.8 6.1 3.8 5.7 7.4 3.5 1.0
2.5 0.0 6.3 9.6 3.6 8.2 2.4 3.9 1.0 7.3
5.9 6.3 0.0 7.4 8.6 4.9 7.2 1.0 2.3 4.0
6.8 9.6 7.4 0.0 4.8 7.8 1.0 3.5 10.0 5.4
6.1 3.6 8.6 4.8 0.0 1.0 2.1 5.1 8.3 2.2
3.8 8.2 4.9 7.8 1.0 0.0 9.9 6.2 7.8 6.2
5.7 2.4 7.2 1.0 2.1 9.9 0.0 7.0 8.4 9.8
7.4 3.9 1.0 3.5 5.1 6.2 7.0 0.0 3.2 5.5
3.5 1.0 2.3 10.0 8.3 7.8 8.4 3.2 0.0 7.7
1.0 7.3 4.0 5.4 2.2 6.2 9.8 5.5 7.7 0.0
